180	3041 3042 3043 3044 3045 3046 3047 3048 3049 3050 3051
181	3052 3053 3054 3055 3056 3057 3058 3059 3060 3061 3062 3063
182	3064 3065 3066 3067 3068 3069 3070 3071 3072 3073
183	3074 3075 3076 3077 3078
184	3079 3080 3081 3082 3083 3084 3085 3086
185	3087 3088 3089 3090 3091 3092 3093
186	3094 3095 3096 3097 3098 3099 3100 3101 3102
187	3116 3117 3118
188	3103 3104 3105 3106 3107 3108 3109 3110 3111 3112 3113 3114 3115
189	3121 3122 3123 3124 3125 3126
190	3127 3128 3129 3130 3131 3132 3133
191	3134 3135 3136 3137 3138 3139 3140 3141 3142
192	3144 3145 3146 3147 3148 3149 3150 3151 3153
193	3154 3155 3156 3157 3158 3159 3160 3161
194	3162 3163 3164 3165 3166 3167 3168
195	3169 3170 3171 3172 3173 3174 3175
196	3176 3177 3178 3179 3180
197	3195 3196 3197 3198 3199 3200
198	3202 3206
199	3208 3209 3210 3211 3212 3213 3214 3215
200	3216 3217 3218 3219 3220 3221 3222 3223 3224 3225 3226 3227
