47	2	1	任意角的概念	8	0
48	2	2	象限角与轴线角	8	0
49	2	4	弧度制与角度制的转换	8	0
50	2	5	弧长公式	8	0
51	2	6	扇形面积公式	8	0
52	2	7	三角函数定义的应用	8	0
53	2	8	三角函数在各象限内的符号	8	0
54	2	3	终边相同的角的表示	8	0
55	4	1	向量的概念	8	0
57	2	9	诱导公式（一）	8	0
58	2	10	三角函数线的应用	8	0
59	2	11	同角三角函数的基本关系式（一）	8	0
60	2	12	同角三角函数的基本关系式（二）	8	0
61	2	13	诱导公式（二）	8	0
62	2	14	诱导公式（三）	8	0
63	2	15	诱导公式（四）	8	0
64	2	16	诱导公式（五）	8	0
65	2	17	诱导公式（六）	8	0
66	2	18	五点画图法	8	0
67	2	19	三角函数的定义域	8	0
68	2	20	正弦型函数的值域	8	0
69	2	21	正弦型函数的周期性	8	0
70	2	22	正弦型函数的奇偶性	8	0
71	2	23	正弦型函数的单调性	8	0
72	2	24	正弦型函数的对称性	8	0
73	2	25	余弦型函数的值域	8	0
74	2	26	余弦型函数的周期性	8	0
75	2	27	余弦型函数的奇偶性	8	0
76	2	28	余弦型函数的单调性	8	0
77	2	29	余弦型函数的对称性	8	0
78	2	30	正切型函数的图象	8	0
79	2	31	正切型函数的定义域	8	0
80	2	32	正切型函数的值域	8	0
81	2	33	正切型函数的周期性	8	0
82	2	34	正切型函数的单调性	8	0
83	2	35	正切型函数的奇偶性	8	0
84	2	36	正切型函数的对称性	8	0
85	2	37	φ对图象的影响	8	0
86	2	38	B对图象的影响	8	0
87	2	39	ω对图象的影响	8	0
88	2	40	A对图象的影响	8	0
89	2	39	对图象的影响	8	0
90	2	41	y=Asin（ωx+φ）中各量的物理意义	8	0
91	2	42	由图象求函数的解析式	8	0
92	2	43	三角函数模型的简单应用	8	0
93	2	44	任意角的概念与弧度制	8	0
94	2	45	任意角的三角函数	8	0
95	2	46	三角函数的诱导公式	8	0
96	2	47	三角函数的图象与性质	8	0
97	2	48	函数y=Asin(wx+ψ)的图象	8	0
98	2	49	模拟试卷（一）	8	0
99	2	50	模拟试卷（二）	8	0
100	4	2	相等向量	8	0
101	4	3	平行向量	8	0
102	4	4	相反向量	8	0
103	4	5	零向量	8	0
104	4	6	单位向量	8	0
105	4	7	向量的加法	8	0
106	4	8	向量的减法	8	0
107	4	9	向量的数乘	8	0
108	4	10	共线向量定理	8	0
109	4	11	平面向量的基本定理	8	0
110	4	12	平面向量的坐标表示	8	0
111	4	13	用坐标表示平面向量的加法	8	0
112	4	14	用坐标表示平面向量的减法	8	0
113	4	15	用坐标表示平面向量的数乘运算	8	0
114	4	16	用坐标表示平面向量共线的条件	8	0
115	4	17	数量积的概念	8	0
116	4	18	数量积的几何意义	8	0
117	4	19	数量积的坐标表示	8	0
118	4	20	用数量积判断两个向量的垂直关系	8	0
119	4	21	平面向量的模	8	0
120	4	22	用数量积表示两个向量的夹角	8	0
1	1	0	错题任务	8	0
121	4	23	平面向量的基本概念	8	0
122	4	24	平面向量的线性运算	8	0
123	4	25	平面向量的基本定理及坐标表示	8	0
124	4	26	平面向量的数量积	8	0
125	4	27	模拟试卷（一）	8	0
126	4	28	模拟试卷（二）	8	0
127	6	1	两角和与差的余弦公式的应用	8	0
128	6	2	两角和与差的余弦公式的角的变换	8	0
129	6	3	两角和与差的正弦公式的应用	8	0
130	6	4	辅助角公式	8	0
131	6	5	两角和与差的正切公式的应用	8	0
132	6	7	二倍角的正弦公式的应用	8	0
133	6	6	两角和与差的正切公式的变换	8	0
134	6	8	二倍角余弦公式的应用	8	0
135	6	9	二倍角余弦公式的变换	8	0
136	6	10	二倍角的正切公式的应用	8	0
137	6	11	三角函数的求值	8	0
138	6	12	三角函数的化简	8	0
139	6	13	三角恒等式的证明	8	0
140	6	14	三角恒等变换综合（一）	8	0
141	6	15	三角恒等变换综合（二）	8	0
142	6	17	模拟试卷（二）	8	0
143	6	16	模拟试卷（一）	8	0
