107	410502199810165008	郑岚文	1	0	2	2	8	1
108	410502199809185001	金睿	1	0	2	2	8	1
109	41052219971116323X	郑天星	0	0	2	2	8	1
110	410522199803143711	张近金	0	0	2	2	8	1
111	410522199712142211	杜肖涛	0	0	2	2	8	1
112	410503199804245032	关木淞	0	0	2	2	8	1
113	410503199802225070	司鹏宇	0	0	2	2	8	1
114	410511199801205043	苏张洁	1	0	2	2	8	1
115	410522199812213726	张雪菲	1	0	2	2	8	1
116	410502199805295107	张晓宇	1	0	2	2	8	1
117	410522199807072826	靳璐芳	1	0	2	2	8	1
118	410526199711112315	刘振	0	0	2	2	8	1
119	410522199806064429	王化云	1	0	2	2	8	1
120	412723199902108136	路国浩	0	0	2	2	8	1
121	410522199708302411	于浩东	0	0	2	2	8	1
122	410503199805185035	岳振宇	0	0	2	2	8	1
123	410502199711075015	张家琳	0	0	2	2	8	1
124	410923199711146614	杜宗浩	0	0	2	2	8	1
125	410511199807315016	侯家辉	0	0	2	2	8	1
126	410526199804209079	张仕林	0	0	2	2	8	1
127	130423199906152817	张健	0	0	2	2	8	1
128	410522199810263738	毕天帮	0	0	2	2	8	1
129	410522199605019445	薛金金	1	0	2	2	8	1
130	410522199804302825	李治花	1	0	2	2	8	1
131	410511199802055016	雷俊杰	0	0	2	2	8	1
132	410503199810165004	周懿之	1	0	2	2	8	1
133	410522199703102445	杨扬	1	0	2	2	8	1
134	410502199709065037	李梁	0	0	2	2	8	1
135	410522199806143223	马晨晨	1	0	2	2	8	1
136	41050219980217502X	田婉澄	1	0	2	2	8	1
137	410502199803189373	张政	0	0	2	2	8	1
138	410511199808025010	杨剑	0	0	2	2	8	1
139	410522199605182226	申旭阳	1	0	2	2	8	1
140	410502199802042526	王佩	1	0	2	2	8	1
141	41050219970907251X	陈昊	0	0	2	2	8	1
142	410511199703165009	陈瑞霞	1	0	2	2	8	1
143	410522199809120342	陈诗雨	1	0	2	2	8	1
144	410502199712085047	马青青	1	0	2	2	8	1
145	41052219981110582X	郭俊洁	1	0	2	2	8	1
146	410503199710065006	郭晓琳	1	0	2	2	8	1
147	410502199805314048	吴姝雯	1	0	2	2	8	1
148	410522199804270827	李江铃	1	0	2	2	8	1
149	410502199802065023	王占星	1	0	2	2	8	1
150	412724199807057912	黄良杰	0	0	2	2	8	1
151	410522199806219339	郝敬轩	0	0	2	2	8	1
152	410502199802285034	王海旭	0	0	2	2	8	1
153	410522199806145819	宋少杰	0	0	2	2	8	1
154	410522199711202825	宋慧杰	1	0	2	2	8	1
155	410504199711225012	乔聪	0	0	2	2	8	1
156	410504199803045035	秦旋	0	0	2	2	8	1
157	411528199802035873	程林	0	0	2	2	8	1
158	410511199701105037	刘芮江	0	0	2	2	8	1
159	410511199712115003	杜金秋	1	0	2	2	8	1
160	410522199804089323	赵冉	1	0	2	2	8	1
161	410522199711183716	朱思帆	0	0	2	2	8	1
162	41052219980920241X	刘光裕	0	0	2	2	8	1
163	412827199807173539	韩孟豪	0	0	2	2	8	1
164	410511199708105048	李梦鑫	1	0	2	2	8	1
165	410504199804131031	李克	0	0	2	2	8	1
166	410522199812013230	吕致研	0	0	2	2	8	1
167	studenttu	studenttu	0	0	2	2	8	0
168	studentlin	studentlin	0	0	2	2	8	0
169	studenthuang	studenthuang	0	0	2	2	8	0
170	studentzhang	studentzhang	0	0	2	2	8	0
171	studenttemp	临时账号	0	0	2	2	8	0
172	studenthong	studenthong	0	0	2	2	8	0
