492	187	150	1402971231000	45223	3	3
493	187	113	1402971262000	106494	3	3
494	187	158	1402971290000	14900	3	3
495	187	166	1402971295000	24162	3	3
496	187	137	1402971298000	55005	3	3
497	187	112	1402971303000	82280	2	3
498	187	127	1402971344000	86456	3	3
499	187	119	1402971350000	55402	3	3
500	187	160	1402971353000	81817	2	3
501	187	140	1402971355000	20119	3	3
502	187	153	1402971358000	23900	3	3
503	187	157	1402971386000	22751	3	3
504	187	143	1402971386000	80619	3	3
505	187	109	1402971411000	60811	3	3
506	187	155	1402971411000	86638	3	3
507	187	130	1402971413000	76907	2	3
508	187	128	1402971423000	92877	2	3
509	187	144	1402971432000	70709	3	3
510	187	131	1402971434000	65514	2	3
511	187	120	1402971441000	15919	3	3
512	187	141	1402971443000	52061	3	3
513	187	156	1402971445000	81027	3	3
514	187	149	1402971445000	60810	3	3
515	187	124	1402971447000	74097	3	3
516	187	154	1402971448000	71189	3	3
517	187	139	1402971459000	28697	3	3
518	187	151	1402971479000	50371	3	3
519	187	129	1402971480000	149334	3	3
520	187	110	1402971489000	91853	2	3
521	187	136	1402971492000	88288	3	3
522	187	111	1402971500000	116360	3	3
523	187	123	1402971504000	118510	2	3
524	187	145	1402971505000	95152	2	3
525	187	132	1402971506000	68193	2	3
526	187	121	1402971511000	63959	2	3
527	187	122	1402971517000	88765	3	3
528	187	146	1402971518000	65897	3	3
529	187	134	1402971525000	54556	3	3
530	187	148	1402971528000	76148	1	3
531	187	159	1402971529000	66921	2	3
532	187	107	1402971535000	76248	3	3
533	187	125	1402971535000	92565	3	3
534	187	108	1402971542000	120029	3	3
535	187	163	1402971553000	104800	2	3
536	187	114	1402971562000	117499	2	3
537	187	116	1402971569000	50157	2	3
538	187	118	1402971583000	126050	2	3
539	187	167	1402971591000	4012	0	3
540	187	162	1402971603000	51258	3	3
541	187	133	1402971620000	69210	3	3
542	187	115	1402971634000	150985	3	3
543	187	135	1402971641000	84329	3	3
544	187	126	1402971663000	75805	3	3
545	187	117	1402971677000	149638	0	3
546	187	147	1402971796000	130520	3	3
547	180	138	1402985246000	234945	5	11
548	180	150	1402985329000	464532	7	11
549	180	146	1402985361000	418357	9	11
550	180	121	1402985386000	359040	9	11
551	180	158	1402985393000	467724	7	11
552	180	107	1402985421000	773283	9	11
553	180	137	1402985423000	410301	8	11
554	189	155	1402985424000	483042	6	6
555	180	114	1402985463000	523943	9	11
556	180	139	1402985466000	587484	5	11
557	180	140	1402985468000	533030	10	11
558	183	120	1402985478000	526208	4	5
559	180	145	1402985493000	549360	10	11
560	180	141	1402985495000	536874	10	11
561	180	116	1402985502000	573057	5	11
562	180	117	1402985507000	441592	10	11
563	189	152	1402985509000	283063	6	6
564	180	111	1402985530000	546121	7	11
565	180	147	1402985533000	639552	8	11
566	180	110	1402985533000	667005	5	11
567	180	136	1402985538000	740683	9	11
568	180	126	1402985593000	559454	7	11
569	180	154	1402985596000	604206	6	11
570	180	131	1402985604000	764085	8	11
571	180	166	1402985614000	633198	10	11
572	180	160	1402985655000	701558	4	11
573	180	112	1402985655000	647447	8	11
574	180	132	1402985675000	600709	8	11
575	180	122	1402985686000	543623	3	11
576	180	135	1402985696000	516370	6	11
577	180	128	1402985709000	777585	7	11
578	180	125	1402985739000	627478	5	11
579	180	133	1402985749000	903266	6	11
580	180	164	1402985751000	707664	6	11
581	180	156	1402985762000	652643	6	11
582	180	119	1402985762000	707213	9	11
583	180	124	1402985762000	768086	6	11
584	180	127	1402985775000	1297044	11	11
585	193	155	1402985775000	395817	8	8
586	180	153	1402985792000	812663	10	11
587	180	123	1402985794000	638943	10	11
588	180	129	1402985824000	1122878	7	11
589	180	149	1402985825000	622453	9	11
590	180	163	1402985837000	798346	8	11
591	180	159	1402985844000	928482	8	11
592	180	161	1402985846000	879530	9	11
593	180	130	1402985854000	1101530	7	11
594	186	146	1402985889000	450511	7	9
595	189	162	1402985895000	790976	6	6
596	180	109	1402985908000	910150	8	11
597	181	107	1402985930000	412900	9	12
598	189	144	1402985942000	1120441	6	6
599	186	145	1402985957000	376083	6	9
600	181	121	1402985963000	560875	9	12
601	180	151	1402985965000	687735	9	11
602	180	143	1402986018000	575835	8	11
603	180	134	1402986050000	1193938	7	11
604	180	108	1402986069000	1172085	8	11
605	181	138	1402986071000	522576	9	12
606	181	140	1402986088000	589730	9	12
607	180	120	1402986123000	666451	11	11
608	181	166	1402986146000	475698	10	12
609	181	141	1402986160000	601429	9	12
610	181	137	1402986237000	682177	10	12
611	183	158	1402986242000	621229	3	5
612	180	113	1402986244000	1454180	9	11
613	181	139	1402986256000	817964	6	12
614	194	155	1402986272000	749882	5	7
615	188	152	1402986273000	681414	9	13
616	196	132	1402986286000	373349	2	5
617	181	114	1402986292000	786584	9	12
618	181	154	1402986308000	740287	10	12
619	180	118	1402986311000	1283836	10	11
620	189	143	1402986319000	651463	5	6
621	196	133	1402986320000	282276	4	5
622	180	115	1402986330000	1614591	8	11
623	181	150	1402986349000	789787	8	12
624	189	157	1402986350000	925910	3	6
625	181	147	1402986350000	916219	8	12
626	189	146	1402986369000	400767	6	6
627	181	131	1402986403000	890424	9	12
628	196	112	1402986416000	246529	1	5
629	194	126	1402986427000	67132	6	7
630	189	120	1402986451000	270351	6	6
631	193	162	1402986467000	611086	7	8
632	181	160	1402986475000	639263	9	12
633	189	116	1402986486000	1067660	5	6
634	181	111	1402986487000	689727	10	12
635	181	117	1402986517000	553198	11	12
636	196	135	1402986520000	198716	5	5
637	180	144	1402986523000	691043	6	11
638	181	161	1402986528000	550372	10	12
639	181	122	1402986531000	745328	10	12
640	182	121	1402986597000	524686	6	10
641	181	130	1402986648000	829495	10	12
642	181	119	1402986652000	804447	7	12
643	180	148	1402986669000	1506964	6	11
644	189	145	1402986674000	440452	4	6
645	182	140	1402986696000	517101	8	10
646	182	141	1402986726000	508124	7	10
647	189	151	1402986733000	489788	6	6
648	189	110	1402986736000	893209	3	6
649	181	136	1402986744000	1066326	8	12
650	181	156	1402986750000	847082	10	12
651	181	164	1402986767000	886609	8	12
652	181	153	1402986783000	720071	12	12
653	181	123	1402986786000	845201	5	12
654	181	127	1402986824000	1004102	10	12
655	181	159	1402986826000	946816	9	12
656	195	126	1402986830000	299436	7	7
657	182	138	1402986858000	556670	9	10
658	181	124	1402986870000	1159711	9	12
659	181	109	1402986871000	940864	12	12
660	189	161	1402986879000	205869	6	6
661	181	128	1402986896000	1059957	9	12
662	181	125	1402986905000	966992	9	12
663	182	166	1402986934000	845783	9	10
664	182	137	1402986966000	699045	9	10
665	196	144	1402986968000	294299	3	5
666	181	129	1402987016000	900047	10	12
667	195	135	1402987020000	186302	7	7
668	195	133	1402987027000	454917	6	7
669	181	108	1402987042000	1072092	10	12
670	183	150	1402987054000	508535	1	5
671	182	154	1402987068000	659331	10	10
672	183	140	1402987069000	259057	3	5
673	182	139	1402987089000	899897	7	10
674	181	163	1402987090000	1180840	10	12
675	180	157	1402987113000	630015	8	11
676	181	134	1402987127000	955981	11	12
677	183	143	1402987140000	460377	5	5
678	182	131	1402987142000	759525	9	10
679	181	149	1402987158000	952619	10	12
680	183	121	1402987168000	308782	2	5
681	191	155	1402987173000	903063	4	9
682	182	114	1402987175000	656607	5	10
683	182	107	1402987214000	1074313	7	10
684	182	117	1402987250000	638345	8	10
685	181	118	1402987278000	951691	10	12
686	183	141	1402987281000	465100	1	5
687	182	127	1402987282000	341070	9	10
688	181	112	1402987324000	546965	8	12
689	193	145	1402987335000	589476	8	8
690	189	132	1402987338000	703954	4	6
691	181	113	1402987354000	637975	9	12
692	182	160	1402987356000	660789	5	10
693	183	138	1402987358000	280394	2	5
694	190	116	1402987361000	1068671	3	7
695	188	120	1402987392000	917145	10	13
696	182	130	1402987396000	650087	8	10
697	183	110	1402987397000	636186	3	5
698	182	124	1402987411000	386488	8	10
699	190	126	1402987418000	595959	3	7
700	182	147	1402987439000	1054937	7	10
701	189	158	1402987443000	836125	3	6
702	180	152	1402987483000	627119	7	11
703	182	156	1402987532000	559704	7	10
704	182	111	1402987570000	572033	7	10
705	195	144	1402987571000	609994	7	7
706	191	146	1402987593000	1062369	6	9
707	186	140	1402987609000	296904	6	9
708	183	117	1402987616000	525363	3	5
709	182	153	1402987620000	587911	8	10
710	182	159	1402987640000	722268	7	10
711	194	162	1402987644000	1282347	5	7
712	182	109	1402987652000	760821	9	10
713	193	151	1402987654000	798737	8	8
714	194	133	1402987657000	655208	6	7
715	182	125	1402987663000	699911	9	10
716	182	119	1402987668000	952188	9	10
717	183	139	1402987670000	681010	3	5
718	190	161	1402987693000	897337	4	7
719	194	135	1402987705000	159844	6	7
720	196	138	1402987716000	288833	2	5
721	183	137	1402987735000	644518	2	5
722	182	136	1402987743000	1093573	9	10
723	183	166	1402987748000	574371	3	5
724	182	108	1402987778000	768900	6	10
725	189	154	1402987778000	810031	6	6
726	183	114	1402987778000	598771	2	5
727	196	158	1402987804000	210638	5	5
728	180	155	1402987807000	380086	6	11
729	182	129	1402987826000	580772	8	10
730	186	131	1402987844000	718481	7	9
731	193	152	1402987846000	236977	8	8
732	184	121	1402987847000	507877	6	8
733	183	130	1402987865000	472816	2	5
734	183	160	1402987868000	306858	2	5
735	194	145	1402987869000	577397	6	7
736	182	122	1402987885000	538886	8	10
737	184	141	1402987952000	586455	5	8
738	182	113	1402987971000	497170	8	10
739	184	140	1402988007000	262292	4	8
740	183	147	1402988026000	519489	1	5
741	182	123	1402988027000	868507	8	10
742	184	157	1402988037000	1087399	7	8
743	183	107	1402988039000	497682	4	5
744	183	127	1402988039000	728510	4	5
745	194	151	1402988063000	435454	5	7
746	183	159	1402988066000	404467	2	5
747	182	164	1402988100000	1003772	9	10
748	181	132	1402988106000	798036	9	12
749	182	112	1402988107000	529879	9	10
750	185	150	1402988114000	717263	4	7
751	195	155	1402988124000	257406	7	7
752	191	143	1402988133000	980601	5	9
753	196	154	1402988149000	346926	1	5
754	183	108	1402988168000	364631	1	5
755	181	116	1402988171000	812217	4	12
756	194	144	1402988216000	829877	7	7
757	183	129	1402988237000	339399	2	5
758	182	126	1402988237000	679206	8	10
759	183	136	1402988242000	496072	1	5
760	184	114	1402988268000	513726	2	8
761	182	110	1402988280000	748953	7	10
762	182	161	1402988282000	516617	7	10
763	183	111	1402988295000	728323	2	5
764	182	134	1402988302000	1153573	8	10
765	182	163	1402988329000	878266	9	10
766	182	120	1402988339000	994393	10	10
767	196	155	1402988349000	235760	4	5
768	182	128	1402988364000	1271307	8	10
769	196	137	1402988376000	495682	4	5
770	194	152	1402988391000	460709	7	7
771	182	149	1402988395000	886498	8	10
772	182	118	1402988399000	1101109	7	10
773	189	139	1402988401000	885265	3	6
774	181	115	1402988406000	1380466	9	12
775	195	151	1402988414000	256030	7	7
776	193	133	1402988445000	772237	7	8
777	183	125	1402988480000	695521	4	5
778	195	145	1402988497000	555880	6	7
779	180	162	1402988508000	815863	7	11
780	185	140	1402988520000	467755	4	7
781	188	158	1402988520000	683311	7	13
782	185	141	1402988531000	466175	5	7
783	184	117	1402988535000	1082827	5	8
784	183	112	1402988581000	141883	4	5
785	184	138	1402988590000	500084	5	8
786	181	148	1402988591000	1560313	9	12
787	183	164	1402988609000	491949	0	5
788	183	132	1402988612000	477085	2	5
789	183	153	1402988656000	860290	3	5
790	186	156	1402988681000	564599	3	9
791	186	154	1402988691000	620579	7	9
792	192	146	1402988693000	1219411	6	9
793	185	121	1402988698000	901879	4	7
794	184	160	1402988705000	408395	3	8
795	196	145	1402988714000	154250	4	5
796	183	119	1402988721000	621279	5	5
797	193	144	1402988734000	505139	8	8
798	183	109	1402988744000	1376261	2	5
799	183	113	1402988759000	516650	5	5
800	181	157	1402988777000	608897	8	12
801	193	135	1402988782000	265238	7	8
802	183	124	1402988783000	964838	3	5
803	189	137	1402988792000	349826	5	6
804	180	170	1402988812000	369854	0	11
805	182	116	1402988834000	808434	7	10
806	193	139	1402988854000	551438	7	8
807	188	159	1402988857000	641776	5	13
808	184	166	1402988922000	1110116	6	8
809	196	121	1402988951000	187631	4	5
810	184	130	1402988980000	1139166	0	8
811	183	128	1402988988000	519231	1	5
812	183	123	1402988990000	677558	3	5
813	183	145	1402989005000	228454	4	5
814	184	127	1402989018000	922040	6	8
815	184	129	1402989021000	607299	3	8
816	186	152	1402989025000	523389	7	9
817	196	151	1402989029000	627851	3	5
818	183	161	1402989034000	457966	4	5
819	196	150	1402989042000	556380	2	5
820	185	117	1402989048000	666873	5	7
821	181	120	1402989049000	577349	10	12
822	193	146	1402989062000	199205	8	8
823	186	141	1402989071000	454879	6	9
824	189	131	1402989081000	1203049	6	6
825	183	154	1402989112000	376148	1	5
826	193	137	1402989126000	277609	8	8
827	184	136	1402989134000	869269	3	8
828	194	142	1402989163000	723775	6	7
829	183	149	1402989175000	411205	0	5
830	183	144	1402989203000	349348	4	5
831	189	142	1402989238000	1327127	4	6
832	195	158	1402989248000	490866	6	7
833	184	147	1402989265000	1260303	3	8
834	185	107	1402989273000	795279	5	7
835	189	138	1402989276000	205182	4	6
836	189	140	1402989289000	442455	4	6
837	183	116	1402989298000	463885	4	5
838	184	108	1402989316000	1084608	3	8
839	181	110	1402989318000	583437	7	12
840	181	126	1402989356000	895219	12	12
841	189	112	1402989385000	366367	6	6
842	181	143	1402989390000	876928	9	12
843	193	161	1402989398000	364767	8	8
844	189	141	1402989415000	329814	5	6
845	194	139	1402989446000	684494	5	7
846	189	133	1402989473000	769206	4	6
847	189	114	1402989487000	678477	5	6
848	189	111	1402989488000	1002116	3	6
849	184	107	1402989515000	594563	8	8
850	189	156	1402989543000	267856	5	6
851	181	144	1402989565000	178657	12	12
852	185	127	1402992106000	429484	5	7
853	192	155	1402992518000	1019116	6	9
854	196	127	1402992592000	396023	5	5
855	191	118	1402992674000	1533878	7	9
856	189	129	1402992748000	457545	4	6
857	193	142	1402992807000	489199	8	8
858	183	134	1402992817000	837859	2	5
859	186	107	1402992900000	520518	5	9
860	193	156	1402992903000	39709	8	8
861	195	127	1402992914000	304994	7	7
862	189	135	1402992936000	264303	4	6
863	184	113	1402992984000	1198388	7	8
864	186	126	1402993000000	505708	7	9
865	186	120	1402993107000	284824	6	9
866	194	161	1402993108000	345362	7	7
867	194	127	1402993120000	194958	6	7
868	189	121	1402993159000	620061	3	6
869	196	143	1402993228000	193278	5	5
870	190	155	1402993252000	699006	4	7
871	190	114	1402993299000	633799	3	7
872	194	156	1402993324000	388699	7	7
873	196	125	1402993382000	644383	3	5
874	194	146	1402993397000	515474	7	7
875	193	129	1402993418000	505855	8	8
876	193	127	1402993448000	257903	7	8
877	183	163	1402993467000	741714	3	5
878	193	158	1402993480000	503350	8	8
879	195	161	1402993498000	323270	7	7
880	188	117	1402993569000	856442	6	13
881	181	162	1402993584000	764430	10	12
882	180	142	1402993589000	721650	6	11
883	184	112	1402993589000	854866	6	8
884	184	128	1402993611000	1189655	4	8
885	182	151	1402993625000	946768	9	10
886	196	111	1402993631000	476128	4	5
887	185	130	1402993634000	904066	4	7
888	183	155	1402993634000	399962	1	5
889	193	121	1402993664000	441642	7	8
890	184	109	1402993697000	4437015	7	8
891	182	132	1402993711000	946228	8	10
892	193	143	1402993731000	328223	8	8
893	194	129	1402993732000	339445	5	7
894	195	146	1402993733000	221746	7	7
895	196	147	1402993765000	454431	3	5
896	191	139	1402993837000	134069	4	9
897	188	154	1402993859000	963496	9	13
898	194	143	1402993862000	105352	7	7
899	193	131	1402993867000	901773	8	8
900	185	108	1402993872000	1054227	4	7
901	185	119	1402993875000	1022676	4	7
902	195	156	1402993882000	573973	7	7
903	185	148	1402993885000	1884193	2	7
904	188	140	1402993891000	664132	8	13
905	185	134	1402993926000	776028	5	7
906	196	161	1402993927000	386036	4	5
907	194	158	1402993951000	453745	7	7
908	188	141	1402993958000	654702	8	13
909	185	124	1402993964000	1201234	6	7
910	195	143	1402993984000	102820	7	7
911	195	117	1402993998000	453356	5	7
912	191	145	1402994042000	874412	9	9
913	196	146	1402994107000	194890	5	5
914	195	162	1402994110000	433961	5	7
915	196	140	1402994129000	75470	5	5
916	192	118	1402994134000	914324	5	9
917	189	125	1402994144000	512826	6	6
918	184	119	1402994211000	692148	7	8
919	182	115	1402994226000	1952898	9	10
920	188	107	1402994236000	1221315	9	13
921	195	129	1402994252000	335319	6	7
922	192	127	1402994289000	785426	7	9
923	184	125	1402994323000	1261445	5	8
924	190	111	1402994326000	635658	5	7
925	183	146	1402994351000	210041	2	5
926	196	156	1402994369000	286727	5	5
927	186	130	1402994373000	754923	7	9
928	192	133	1402994389000	2005751	7	9
929	195	152	1402994393000	185578	6	7
930	184	123	1402994394000	1234451	6	8
931	185	116	1402994399000	1434657	5	7
932	185	113	1402994419000	1183388	5	7
933	188	144	1402994448000	444839	13	13
934	181	155	1402994457000	420159	9	12
935	188	143	1402994458000	364939	13	13
936	186	149	1402994460000	388620	7	9
937	194	121	1402994480000	411622	6	7
938	195	147	1402994541000	739428	7	7
939	184	139	1402994577000	762721	3	8
940	181	142	1402994592000	921019	9	12
941	196	129	1402994621000	331738	5	5
942	184	110	1402994633000	2055681	5	8
943	190	141	1402994638000	555353	4	7
944	184	144	1402994647000	306949	7	8
945	185	112	1402994673000	1063983	3	7
946	188	126	1402994689000	1021398	9	13
947	186	124	1402994693000	850736	9	9
948	184	143	1402994734000	596994	6	8
949	189	117	1402994736000	621865	6	6
950	196	162	1402994744000	689852	3	5
951	196	141	1402994766000	49652	5	5
952	181	151	1402994799000	968650	10	12
953	186	127	1402994800000	436448	8	9
954	194	131	1402994808000	833934	7	7
955	185	109	1402994810000	1031365	5	7
956	186	123	1402994826000	369034	7	9
957	184	150	1402994842000	1260845	4	8
958	191	114	1402994861000	1240568	5	9
959	184	132	1402994862000	695513	3	8
960	186	158	1402994878000	833781	5	9
961	186	113	1402994882000	371937	8	9
962	185	120	1402994884000	1178211	7	7
963	186	108	1402994904000	1286201	5	9
964	195	121	1402994904000	283355	5	7
965	196	139	1402994905000	352688	4	5
966	185	166	1402994939000	654779	5	7
967	185	128	1402994946000	1022093	4	7
968	193	154	1402994966000	760205	7	8
969	184	163	1402995018000	998951	6	8
970	195	137	1402995028000	384833	6	7
971	193	117	1402995030000	215085	8	8
972	183	156	1402995061000	628232	2	5
973	191	144	1402995084000	312634	8	9
974	189	123	1402995094000	245866	3	6
975	194	147	1402995108000	575129	6	7
976	189	148	1402995129000	1215534	4	6
977	192	135	1402995139000	314068	7	9
978	185	129	1402995168000	693512	5	7
979	186	134	1402995173000	1131500	6	9
980	196	152	1402995195000	95408	5	5
981	195	139	1402995202000	224771	2	7
982	196	120	1402995203000	258766	5	5
983	189	107	1402995205000	608304	5	6
984	184	116	1402995218000	740914	2	8
985	185	146	1402995218000	645569	6	7
986	182	162	1402995244000	437682	7	10
987	186	110	1402995292000	550993	7	9
988	183	118	1402995346000	456559	3	5
989	196	126	1402995348000	446898	3	5
990	196	142	1402995375000	629708	5	5
991	188	139	1402995405000	99522	13	13
992	195	142	1402995414000	294916	6	7
993	188	127	1402995471000	618447	8	13
994	186	119	1402995522000	1525394	7	9
995	186	112	1402995529000	586236	5	9
996	182	155	1402995542000	487125	10	10
997	185	139	1402995598000	55862	3	7
998	194	154	1402995673000	583908	5	7
999	186	109	1402995699000	699536	9	9
1000	186	121	1402995735000	266342	0	9
1001	189	147	1402995755000	489116	4	6
1002	188	124	1402995793000	1089258	8	13
1003	189	127	1402995830000	265544	6	6
1004	188	122	1402995832000	876271	6	13
1005	188	151	1402995871000	839137	11	13
1006	182	144	1402995876000	509047	10	10
1007	182	158	1402995913000	581104	7	10
1008	184	161	1402995933000	1215656	7	8
1009	193	107	1402995971000	342506	8	8
1010	191	156	1402996040000	860268	9	9
1011	186	155	1402996075000	490555	5	9
1012	188	162	1402996080000	683848	5	13
1013	185	125	1402996099000	1375409	5	7
1014	181	158	1402996128000	58421	12	12
1015	182	143	1402996146000	698565	9	10
1016	184	153	1402996204000	748684	5	8
1017	185	160	1402996230000	696933	3	7
1018	193	147	1402996237000	538629	7	8
1019	184	155	1402996252000	32536	8	8
1020	188	108	1402996257000	1448973	6	13
1021	189	118	1402996283000	1094968	5	6
1022	185	155	1402996348000	141049	4	7
1023	193	126	1402996391000	470619	7	8
1024	189	124	1402996403000	585377	5	6
1025	188	155	1402996463000	94184	13	13
1026	185	144	1402996494000	438070	4	7
1027	182	150	1402996503000	512952	5	10
1028	184	124	1402996551000	558143	7	8
1029	189	149	1402996568000	797108	4	6
1030	185	136	1402996570000	840860	4	7
1031	194	107	1402996626000	740616	6	7
1032	185	143	1402996655000	473290	4	7
1033	193	118	1402996794000	428378	8	8
1034	190	127	1402996804000	780698	4	7
1035	186	128	1402996896000	691736	7	9
1036	193	148	1402996912000	1090881	7	8
1037	186	144	1402996919000	473558	9	9
1038	186	139	1402996921000	469446	9	9
1039	188	163	1402996926000	1206677	9	13
1040	194	137	1402996935000	360181	6	7
1041	195	107	1402996947000	250718	6	7
1042	191	142	1402996950000	844971	7	9
1043	186	117	1402996969000	1637084	9	9
1044	186	160	1402997049000	350399	4	9
1045	188	112	1402997057000	331675	11	13
1046	188	121	1402997065000	632201	6	13
1047	181	152	1402997075000	485558	12	12
1048	195	154	1402997087000	763495	6	7
1049	186	143	1402997089000	405059	8	9
1050	192	156	1402997098000	1013398	9	9
1051	184	159	1402997104000	1654462	1	8
1052	184	164	1402997136000	1389170	3	8
1053	191	140	1402997144000	541025	8	9
1054	191	141	1402997163000	564590	8	9
1055	186	136	1402997164000	542817	5	9
1056	192	145	1402997182000	979073	8	9
1057	191	135	1402997219000	284071	5	9
1058	190	143	1402997220000	362570	5	7
1059	191	116	1402997245000	1989027	6	9
1060	194	118	1402997280000	525300	7	7
1061	193	149	1402997281000	304356	8	8
1062	196	107	1402997293000	313151	5	5
1063	190	146	1402997295000	383305	3	7
1064	196	159	1402997295000	283337	2	5
1065	190	144	1402997348000	400568	4	7
1066	191	137	1402997480000	67062	9	9
1067	186	150	1402997617000	896010	6	9
1068	190	124	1402997618000	609046	4	7
1069	184	156	1402997631000	667616	7	8
1070	188	109	1402997642000	2093336	7	13
1071	193	140	1402997645000	485367	8	8
1072	189	163	1402997664000	579469	6	6
1073	195	118	1402997669000	374186	7	7
1074	185	153	1402997675000	1315991	5	7
1075	194	117	1402997721000	940609	5	7
1076	185	147	1402997807000	1205372	5	7
1077	185	145	1402997813000	485586	4	7
1078	184	137	1402997814000	364794	7	8
1079	181	135	1402997830000	373505	11	12
1080	182	157	1402997833000	733407	10	10
1081	191	127	1402997849000	1271448	9	9
1082	190	139	1402997862000	747681	4	7
1083	192	143	1402997876000	704801	6	9
1084	194	140	1402997896000	292020	7	7
1085	188	128	1402997921000	1201396	8	13
1086	192	144	1402997957000	749116	9	9
1087	194	148	1402998013000	1135344	7	7
1088	184	146	1402998023000	465199	6	8
1089	183	151	1402998035000	634190	4	5
1090	185	156	1402998044000	454399	4	7
1091	189	108	1402998146000	1845484	4	6
1092	191	107	1402998179000	1046811	5	9
1093	196	118	1402998274000	582380	4	5
1094	195	140	1402998328000	281107	7	7
1095	190	107	1402998341000	324041	2	7
1096	192	107	1402998447000	92474	4	9
1097	185	164	1402998628000	1434122	5	7
1098	188	150	1402999034000	805923	4	13
1099	186	164	1402999557000	904852	5	9
1100	189	150	1402999605000	400547	5	6
1101	192	142	1403000091000	1331041	6	9
1102	192	139	1403000094000	430216	8	9
1103	190	156	1403000411000	275962	6	7
1104	186	153	1403000422000	410997	8	9
1105	188	130	1403000436000	1046450	8	13
1106	189	126	1403000608000	545217	6	6
1107	193	163	1403000611000	385484	8	8
1108	193	157	1403000613000	819152	8	8
1109	190	142	1403000683000	165095	5	7
1110	194	149	1403000872000	846074	7	7
1111	189	153	1403000904000	293690	6	6
1112	195	159	1403000905000	3593421	6	7
1113	188	156	1403000996000	568654	11	13
1114	196	157	1403001065000	372687	5	5
1115	183	135	1403001204000	198869	0	5
1116	186	129	1403001328000	494357	7	9
1117	186	116	1403001351000	719589	7	9
1118	184	154	1403001364000	834592	0	8
1119	181	145	1403001374000	495654	11	12
1120	190	112	1403001411000	226305	6	7
1121	189	130	1403001444000	1170401	6	6
1122	182	142	1403001447000	444058	8	10
1123	196	117	1403001468000	299207	2	5
1124	188	164	1403001483000	1766267	6	13
1125	183	115	1403001534000	1032305	4	5
1126	193	153	1403001557000	403298	8	8
1127	195	157	1403001565000	429530	7	7
1128	194	163	1403001694000	625902	5	7
1129	184	149	1403001732000	596115	4	8
1130	193	120	1403001754000	538872	7	8
1131	191	124	1403001827000	858168	6	9
1132	193	114	1403001831000	393466	7	8
1133	191	126	1403001926000	1215983	5	9
1134	188	160	1403002097000	862560	7	13
1135	185	161	1403002281000	781459	5	7
1136	190	121	1403002434000	330595	2	7
1137	194	157	1403002627000	1027022	5	7
1138	188	113	1403002719000	1652969	9	13
1139	183	167	1403002735000	8093	3	5
1140	183	157	1403002763000	471123	3	5
1141	188	116	1403002945000	818122	11	13
1142	189	109	1403003045000	1497274	6	6
1143	195	120	1403003101000	1508129	3	7
1144	184	135	1403003134000	228725	7	8
1145	190	117	1403003176000	1447553	3	7
1146	194	153	1403003195000	463031	6	7
1147	194	114	1403003204000	1085000	7	7
1148	186	166	1403003231000	269929	9	9
1149	191	121	1403003272000	861163	7	9
1150	188	118	1403003276000	1329675	8	13
1151	191	150	1403003298000	1475266	3	9
1152	189	113	1403003330000	552390	6	6
1153	185	151	1403003416000	807261	5	7
1154	188	119	1403003516000	2740323	9	13
1155	195	153	1403003529000	229111	7	7
1156	190	129	1403003567000	923456	5	7
1157	194	120	1403003639000	558207	7	7
1158	195	114	1403003679000	407780	5	7
1159	186	125	1403003684000	579159	7	9
1160	182	135	1403003685000	458951	10	10
1161	185	149	1403003703000	651531	6	7
1162	189	166	1403003723000	403284	6	6
1163	194	122	1403003728000	2131582	3	7
1164	185	163	1403003758000	798617	6	7
1165	196	153	1403003828000	249382	3	5
1166	190	113	1403003848000	637623	7	7
1167	184	167	1403003885000	136631	0	8
1168	188	134	1403003924000	1925172	8	13
1169	192	121	1403003929000	601323	4	9
1170	190	150	1403003988000	429752	1	7
1171	191	161	1403004046000	1274754	8	9
1172	191	117	1403004055000	1080964	6	9
1173	196	114	1403004086000	214356	3	5
1174	189	160	1403004098000	413461	2	6
1175	192	124	1403004129000	2719383	5	9
1176	186	122	1403004141000	451188	4	9
1177	190	130	1403004144000	950191	2	7
1178	191	112	1403004200000	1121426	9	9
1179	184	115	1403004207000	1724752	7	8
1180	189	119	1403004220000	657826	6	6
1181	192	126	1403004270000	1212436	9	9
1182	188	166	1403004352000	594069	9	13
1183	193	141	1403004362000	228781	7	8
1184	185	118	1403004433000	1429884	7	7
1185	193	124	1403004482000	302867	8	8
1186	189	164	1403004488000	904719	6	6
1187	185	137	1403004562000	607060	5	7
1188	185	135	1403004572000	401066	4	7
1189	194	141	1403004614000	222598	6	7
1190	188	125	1403004638000	901127	9	13
1191	195	150	1403004654000	259072	5	7
1192	188	153	1403004681000	781188	6	13
1193	190	120	1403004682000	664599	5	7
1194	193	116	1403004717000	317528	8	8
1195	186	163	1403004740000	634447	8	9
1196	195	141	1403004807000	160713	5	7
1197	194	124	1403004871000	332008	7	7
1198	186	135	1403005002000	255315	4	9
1199	194	150	1403005108000	389298	3	7
1200	192	117	1403005123000	1004576	7	9
1201	195	124	1403005126000	306536	6	7
1202	186	137	1403005127000	478879	4	9
1203	185	114	1403005127000	957321	5	7
1204	184	145	1403005144000	801956	6	8
1205	188	146	1403005181000	570644	7	13
1206	192	141	1403005181000	348740	7	9
1207	194	116	1403005284000	614997	7	7
1208	190	119	1403005298000	1183736	4	7
1209	190	149	1403005354000	816365	3	7
1210	190	166	1403005368000	564993	5	7
1211	188	149	1403005380000	829391	9	13
1212	186	118	1403005402000	1066622	9	9
1213	185	122	1403005404000	1072028	5	7
1214	196	124	1403005450000	325343	4	5
1215	190	125	1403005452000	777428	4	7
1216	190	145	1403005455000	249842	4	7
1217	193	150	1403005460000	271629	8	8
1218	191	113	1403005471000	1630733	5	9
1219	190	160	1403005490000	537591	1	7
1220	195	116	1403005541000	308800	6	7
1221	185	115	1403005575000	1316424	5	7
1222	190	164	1403005612000	880781	4	7
1223	183	126	1403005627000	714698	3	5
1224	192	161	1403005634000	1476975	7	9
1225	192	112	1403005673000	1421510	8	9
1226	190	153	1403005724000	735686	5	7
1227	191	130	1403005725000	1617338	6	9
1228	183	142	1403005759000	4135997	2	5
1229	185	131	1403005767000	1014572	4	7
1230	188	137	1403005830000	611735	10	13
1231	189	134	1403005892000	1359281	5	6
1232	191	120	1403006002000	1573109	8	9
1233	190	135	1403006038000	306082	3	7
1234	196	116	1403006115000	729701	3	5
1235	182	146	1403006154000	742762	9	10
1236	188	145	1403006238000	600921	10	13
1237	189	136	1403006252000	782375	5	6
1238	186	115	1403006326000	739753	3	9
1239	184	120	1403006349000	465677	4	8
1240	192	116	1403006373000	1366339	8	9
1241	190	118	1403006388000	1131302	5	7
1242	184	142	1403006426000	480315	6	8
1243	191	119	1403006444000	897722	5	9
1244	188	129	1403006498000	740275	6	13
1245	193	112	1403006513000	963210	8	8
1246	192	120	1403006516000	76154	4	9
1247	192	119	1403006522000	56876	6	9
1248	192	137	1403006529000	418616	9	9
1249	190	148	1403006556000	1220518	3	7
1250	188	147	1403006579000	3903705	2	13
1251	188	136	1403006587000	1492842	8	13
1252	193	119	1403006631000	80059	6	8
1253	185	142	1403006688000	225260	1	7
1254	192	140	1403006719000	614159	9	9
1255	191	125	1403006743000	849927	6	9
1256	185	111	1403006790000	1172184	5	7
1257	193	134	1403006798000	758856	8	8
1258	189	128	1403006826000	690023	4	6
1259	191	153	1403006835000	702188	6	9
1260	194	119	1403006840000	153250	6	7
1261	188	157	1403006868000	836355	12	13
1262	196	131	1403006877000	300399	4	5
1263	192	150	1403006887000	1005004	2	9
1264	182	145	1403006898000	412262	9	10
1265	185	154	1403006920000	807560	4	7
1266	191	160	1403006923000	450163	7	9
1267	181	170	1403006942000	458910	2	12
1268	191	152	1403006950000	910052	7	9
1269	186	161	1403006963000	480081	7	9
1270	190	140	1403007033000	387231	6	7
1271	191	122	1403007052000	681330	4	9
1272	194	112	1403007091000	599007	6	7
1273	192	114	1403007158000	2016412	6	9
1274	188	123	1403007178000	826952	4	13
1275	190	158	1403007196000	743438	1	7
1276	185	138	1403007211000	355572	7	7
1277	186	147	1403007214000	589724	7	9
1278	190	163	1403007261000	767943	7	7
1279	191	149	1403007269000	1669959	6	9
1280	190	154	1403007322000	447516	2	7
1281	193	128	1403007356000	499765	6	8
1282	188	115	1403007365000	1154215	7	13
1283	194	134	1403007419000	720784	6	7
1284	190	136	1403007436000	699488	5	7
1285	192	113	1403007445000	1679347	5	9
1286	195	122	1403007454000	419782	1	7
1287	186	111	1403007503000	673771	6	9
1288	190	137	1403007504000	471452	7	7
1289	195	112	1403007659000	508456	7	7
1290	189	122	1403007674000	419343	6	6
1291	186	157	1403007702000	658638	5	9
1292	192	160	1403007742000	515379	4	9
1293	195	131	1403007829000	1074848	5	7
1294	182	170	1403007831000	873587	0	10
1295	188	161	1403007860000	807626	7	13
1296	186	138	1403007892000	321630	8	9
1297	195	148	1403007920000	745640	6	7
1298	185	132	1403007925000	903224	6	7
1299	184	151	1403007936000	1099979	4	8
1300	192	130	1403007976000	2655848	6	9
1301	195	163	1403007977000	305636	7	7
1302	191	129	1403007989000	1260403	7	9
1303	192	125	1403008013000	1308549	7	9
1304	184	126	1403008014000	771468	5	8
1305	185	158	1403008034000	1431440	5	7
1306	183	170	1403008081000	235930	2	5
1307	191	154	1403008120000	1231272	4	9
1308	190	147	1403008174000	916738	1	7
1309	195	134	1403008186000	706501	7	7
1310	194	128	1403008277000	614604	6	7
1311	184	170	1403008301000	194982	0	8
1312	192	149	1403008318000	896188	7	9
1313	195	119	1403008330000	507028	7	7
1314	185	123	1403008344000	840423	4	7
1315	191	136	1403008373000	881267	9	9
1316	190	108	1403008380000	1515221	3	7
1317	190	157	1403008382000	514394	4	7
1318	193	130	1403008382000	383209	8	8
1319	196	170	1403008404000	83319	0	5
1320	193	125	1403008414000	389875	7	8
1321	196	119	1403008416000	75333	5	5
1322	192	153	1403008425000	873194	4	9
1323	195	170	1403008442000	25897	0	7
1324	188	110	1403008445000	961910	8	13
1325	190	131	1403008459000	639234	7	7
1326	185	110	1403008462000	570356	5	7
1327	188	111	1403008484000	1017708	9	13
1328	186	114	1403008504000	734463	6	9
1329	193	160	1403008516000	525469	7	8
1330	184	118	1403008518000	476166	0	8
1331	189	115	1403008519000	1221047	3	6
1332	194	170	1403008522000	71645	0	7
1333	196	134	1403008537000	379446	4	5
1334	191	133	1403008562000	1774096	6	9
1335	193	113	1403008579000	320799	7	8
1336	186	132	1403008597000	511172	6	9
1337	192	129	1403008628000	689536	4	9
1338	196	148	1403008634000	512158	2	5
1339	196	163	1403008657000	683691	4	5
1340	192	154	1403008671000	950948	2	9
1341	193	170	1403008677000	142749	6	8
1342	191	162	1403008702000	2767184	6	9
1343	195	128	1403008717000	414155	7	7
1344	184	158	1403008820000	1407013	5	8
1345	192	170	1403008888000	213512	0	9
1346	188	138	1403008908000	555785	10	13
1347	181	146	1403008908000	513085	8	12
1348	192	136	1403008913000	707237	9	9
1349	194	125	1403008931000	500970	6	7
1350	195	149	1403008947000	736120	6	7
1351	190	123	1403008952000	554217	5	7
1352	194	130	1403009026000	687091	4	7
1353	194	113	1403009028000	401257	7	7
1354	191	170	1403009044000	139667	0	9
1355	194	160	1403009058000	407794	6	7
1356	196	128	1403009074000	334729	2	5
1357	188	135	1403009121000	755897	6	13
1358	190	170	1403009131000	70523	0	7
1359	189	170	1403009158000	7434	0	6
1360	190	122	1403009190000	748999	3	7
1361	188	170	1403009200000	33191	0	13
1362	191	147	1403009211000	988996	4	9
1363	185	170	1403009220000	10890	0	7
1364	191	157	1403009222000	883166	5	9
1365	186	170	1403009249000	11125	0	9
1366	195	125	1403009267000	321043	7	7
1367	196	149	1403009279000	335725	2	5
1368	190	115	1403009303000	753880	2	7
1369	188	168	1403009327000	71849	0	13
1370	195	113	1403009358000	228797	7	7
1371	190	110	1403009360000	747437	3	7
1372	188	114	1403009373000	856433	8	13
1373	190	138	1403009384000	196597	7	7
1374	185	126	1403009442000	1260126	5	7
1375	183	122	1403009479000	235110	1	5
1376	195	130	1403009509000	556511	4	7
1377	195	160	1403009536000	369645	6	7
1378	191	123	1403009635000	653079	6	9
1379	196	113	1403009641000	263558	4	5
1380	190	128	1403009651000	552362	1	7
1381	192	157	1403009683000	187954	7	9
1382	192	162	1403009690000	1036884	7	9
1383	193	136	1403009696000	525897	8	8
1384	188	131	1403009759000	1274665	6	13
1385	191	158	1403009768000	1067412	6	9
1386	185	157	1403009818000	418358	6	7
1387	196	130	1403009822000	270383	2	5
1388	188	142	1403009830000	198353	10	13
1389	185	167	1403009846000	241752	0	7
1390	193	110	1403009876000	289898	8	8
1391	191	108	1403009893000	1230035	5	9
1392	191	138	1403009909000	18726	4	9
1393	190	133	1403009912000	1122575	7	7
1394	183	162	1403009961000	184356	2	5
1395	192	147	1403009971000	776206	3	9
1396	194	159	1403010069000	8724737	4	7
1397	194	136	1403010117000	254108	7	7
1398	191	164	1403010166000	1362443	3	9
1399	194	110	1403010188000	283429	6	7
1400	191	115	1403010220000	700619	3	9
1401	186	142	1403010234000	404651	7	9
1402	192	123	1403010245000	562225	3	9
1403	192	152	1403010289000	816385	6	9
1404	196	136	1403010320000	251924	5	5
1405	192	122	1403010360000	840471	3	9
1406	196	160	1403010370000	308087	4	5
1407	192	138	1403010443000	139998	7	9
1408	184	111	1403010455000	1692411	3	8
1409	180	172	1403010605000	15202	0	11
1410	191	128	1403010607000	909029	3	9
1411	196	122	1403010621000	93745	2	5
1412	183	172	1403010624000	18054	2	5
1413	191	148	1403010635000	1671723	6	9
1414	192	115	1403010642000	410202	0	9
1415	192	172	1403010647000	10684	2	9
1416	185	162	1403010658000	538773	4	7
1417	193	123	1403010660000	340489	7	8
1418	188	132	1403010664000	816457	9	13
1419	193	159	1403010666000	580794	7	8
1420	195	110	1403010679000	414147	6	7
1421	191	163	1403010685000	1245987	6	9
1422	188	133	1403010708000	830013	11	13
1423	195	136	1403010797000	283008	6	7
1424	195	138	1403010822000	251303	6	7
1425	190	109	1403010831000	858227	6	7
1426	191	131	1403010837000	858400	6	9
1427	193	122	1403010906000	229051	7	8
1428	186	162	1403010934000	224352	3	9
1429	186	167	1403010959000	237448	0	9
1430	196	110	1403010968000	167950	5	5
1431	194	123	1403010982000	305718	5	7
1432	193	138	1403011013000	143092	8	8
1433	189	159	1403011055000	198184	3	6
1434	191	111	1403011056000	565249	3	9
1435	184	131	1403011105000	164485	3	8
1436	193	115	1403011114000	425834	4	8
1437	184	122	1403011140000	160782	2	8
1438	190	162	1403011146000	207386	2	7
1439	194	138	1403011197000	156081	7	7
1440	184	162	1403011241000	172181	2	8
1441	195	123	1403011253000	261471	5	7
1442	192	128	1403011330000	923134	1	9
1443	192	108	1403011375000	1529380	2	9
1444	193	111	1403011409000	317844	7	8
1445	192	164	1403011432000	1249938	2	9
1446	183	131	1403011449000	87597	2	5
1447	194	115	1403011456000	389747	5	7
1448	196	123	1403011507000	242164	4	5
1449	192	159	1403011539000	524978	4	9
1450	193	109	1403011543000	826557	7	8
1451	185	152	1403011556000	583131	6	7
1452	192	131	1403011558000	926731	3	9
1453	191	132	1403011642000	689620	5	9
1454	194	111	1403011643000	209125	5	7
1455	181	133	1403011671000	1151240	10	12
1456	192	158	1403011684000	1469356	5	9
1457	195	115	1403011751000	338310	4	7
1458	186	148	1403011764000	771496	5	9
1459	193	108	1403011824000	424707	6	8
1460	186	159	1403011841000	26268	0	9
1461	193	164	1403011843000	387614	8	8
1462	195	111	1403011847000	190381	4	7
1463	182	133	1403011874000	186910	10	10
1464	190	132	1403011926000	86168	6	7
1465	196	115	1403011963000	201668	4	5
1466	192	163	1403011965000	1023668	8	9
1467	183	133	1403011978000	31692	4	5
1468	194	108	1403012005000	172480	5	7
1469	194	109	1403012040000	502698	6	7
1470	192	132	1403012041000	76296	6	9
1471	184	133	1403012080000	42273	7	8
1472	193	132	1403012115000	67374	8	8
1473	194	164	1403012122000	263375	6	7
1474	192	110	1403012146000	1199322	5	9
1475	185	133	1403012211000	94448	6	7
1476	194	132	1403012236000	104274	6	7
1477	192	111	1403012265000	395488	3	9
1478	186	133	1403012277000	30509	9	9
1479	195	108	1403012295000	280530	3	7
1480	195	164	1403012335000	202451	2	7
1481	195	132	1403012352000	108631	7	7
1482	196	164	1403012401000	55741	1	5
1483	196	108	1403012444000	139381	2	5
1484	188	148	1403012448000	653918	6	13
1485	195	109	1403012491000	332194	7	7
1486	180	167	1403017669000	509950	8	11
1487	181	167	1403018198000	452818	10	12
1488	182	167	1403018594000	433551	4	10
1489	196	109	1403044619000	543270	5	5
1490	191	110	1403044922000	1116799	7	9
1491	191	109	1403048509000	1617540	8	9
1492	192	109	1403054313000	1351265	9	9
1493	185	172	1403057611000	629381	0	7
1494	190	151	1403061586000	411114	5	7
1495	186	151	1403066654000	29204	9	9
1496	191	151	1403066701000	96409	9	9
1497	192	151	1403066753000	134424	8	9
1498	184	134	1403066755000	2602245	8	8
1499	183	148	1403067251000	685746	2	5
1500	190	134	1403067573000	1051094	4	7
1501	192	148	1403068786000	1619506	5	9
1502	191	134	1403083478000	10574070	6	9
1503	182	152	1403083988000	575360	7	10
1504	192	134	1403084196000	891968	7	9
1505	193	166	1403087070000	330966	8	8
1506	194	166	1403087575000	495567	7	7
1507	195	166	1403087988000	377699	7	7
1508	196	166	1403088239000	323167	4	5
1509	190	152	1403088901000	914871	4	7
1510	191	166	1403090947000	2138372	8	9
1511	192	166	1403092932000	1760986	7	9
1512	191	159	1403096921000	173252	3	9
1513	190	159	1403134653000	14038	1	7
1514	185	159	1403134674000	13299	2	7
1515	197	150	1403150379000	423775	5	6
1516	197	153	1403152364000	247357	5	6
1517	197	129	1403152806000	627317	4	6
1518	197	151	1403153061000	324498	6	6
1519	197	163	1403153090000	614021	5	6
1520	197	135	1403153163000	179758	4	6
1521	197	155	1403153362000	345912	4	6
1522	197	156	1403153421000	478018	5	6
1523	197	113	1403153586000	413891	6	6
1524	197	139	1403153609000	815415	4	6
1525	199	150	1403153688000	742099	6	8
1526	197	127	1403153694000	162863	6	6
1527	197	132	1403153711000	471803	5	6
1528	199	129	1403153819000	1212460	6	8
1529	197	126	1403153875000	316197	5	6
1530	197	128	1403153886000	583885	4	6
1531	197	146	1403153892000	400269	4	6
1532	197	145	1403153910000	367707	3	6
1533	197	110	1403153942000	456833	6	6
1534	197	133	1403153974000	267116	6	6
1535	197	108	1403153979000	783807	3	6
1536	197	143	1403153993000	300648	6	6
1537	197	160	1403153998000	156189	4	6
1538	197	144	1403154003000	577071	6	6
1539	197	154	1403154021000	647426	3	6
1540	197	121	1403154052000	415712	5	6
1541	197	161	1403154059000	356307	6	6
1542	197	142	1403154072000	582326	5	6
1543	197	114	1403154080000	740374	4	6
1544	197	125	1403154081000	3892680	6	6
1545	199	155	1403154204000	618112	6	8
1546	197	112	1403154239000	590326	6	6
1547	197	120	1403154299000	927288	5	6
1548	197	136	1403154315000	728873	4	6
1549	197	147	1403154319000	585978	4	6
1550	197	157	1403154346000	619707	3	6
1551	197	107	1403154437000	1088633	1	6
1552	197	141	1403154478000	445882	5	6
1553	197	118	1403154494000	900716	6	6
1554	197	148	1403154505000	546831	6	6
1555	197	166	1403154579000	584115	5	6
1556	197	138	1403154584000	292837	6	6
1557	199	153	1403154587000	1071290	6	8
1558	197	117	1403154602000	1092162	3	6
1559	197	130	1403154658000	1324474	6	6
1560	197	131	1403154749000	1312316	4	6
1561	197	119	1403154753000	612669	3	6
1562	197	164	1403154816000	643541	2	6
1563	197	124	1403154835000	598064	5	6
1564	197	137	1403154842000	330247	6	6
1565	197	162	1403154907000	1163274	5	6
1566	197	109	1403154963000	1348523	5	6
1567	197	116	1403154982000	604938	5	6
1568	199	113	1403155006000	917906	6	8
1569	199	117	1403155016000	357696	6	8
1570	199	139	1403155025000	856863	4	8
1571	197	115	1403155033000	521117	2	6
1572	199	163	1403155041000	884265	5	8
1573	197	167	1403155052000	29711	0	6
1574	199	127	1403155062000	905305	7	8
1575	199	126	1403155070000	598365	8	8
1576	199	121	1403155076000	473147	6	8
1577	197	111	1403155120000	1405621	4	6
1578	197	152	1403155141000	475039	6	6
1579	199	142	1403155149000	905974	4	8
1580	199	161	1403155168000	653124	7	8
1581	197	123	1403155220000	660258	5	6
1582	199	157	1403155260000	594179	5	8
1583	199	120	1403155286000	1305011	7	8
1584	197	159	1403155295000	1670378	5	6
1585	197	134	1403155296000	530070	5	6
1586	197	149	1403155299000	118445	6	6
1587	199	156	1403155305000	1157238	5	8
1588	199	160	1403155371000	541229	4	8
1589	199	128	1403155375000	1031938	5	8
1590	199	114	1403155378000	1090441	6	8
1591	199	133	1403155379000	507366	8	8
1592	200	155	1403155383000	1118086	6	12
1593	199	108	1403155392000	928647	4	8
1594	199	154	1403155400000	777400	4	8
1595	199	135	1403155442000	292748	8	8
1596	199	118	1403155453000	762463	5	8
1597	199	146	1403155453000	987698	6	8
1598	197	158	1403155461000	1205070	5	6
1599	199	143	1403155523000	337564	6	8
1600	199	145	1403155564000	1345769	6	8
1601	199	144	1403155573000	553865	4	8
1602	199	148	1403155680000	1292502	6	8
1603	200	113	1403155703000	686212	10	12
1604	199	130	1403155713000	1339856	5	8
1605	199	125	1403155787000	1528234	6	8
1606	199	131	1403155818000	975853	5	8
1607	199	124	1403155846000	568528	8	8
1608	199	162	1403155856000	827319	4	8
1609	200	117	1403155866000	432357	10	12
1610	199	107	1403155886000	1497720	5	8
1611	199	151	1403155906000	1179286	8	8
1612	200	153	1403155913000	992440	9	12
1613	200	150	1403155961000	1933223	6	12
1614	200	129	1403155989000	1254675	11	12
1615	199	147	1403156058000	1602969	6	8
1616	199	123	1403156079000	806114	5	8
1617	200	127	1403156081000	965712	11	12
1618	199	110	1403156093000	604229	6	8
1619	199	164	1403156099000	1131363	6	8
1620	199	112	1403156130000	1637565	7	8
1621	199	109	1403156135000	1148515	7	8
1622	199	115	1403156155000	1261252	5	8
1623	199	111	1403156161000	968705	4	8
1624	199	158	1403156208000	545831	4	8
1625	200	163	1403156226000	1031983	10	12
1626	200	160	1403156258000	669933	5	12
1627	200	120	1403156267000	965914	11	12
1628	199	119	1403156310000	1362333	6	8
1629	199	166	1403156372000	1721513	8	8
1630	200	126	1403156382000	1078718	8	12
1631	199	152	1403156390000	672438	5	8
1632	200	121	1403156399000	996543	10	12
1633	200	161	1403156466000	1245755	11	12
1634	200	108	1403156540000	1010292	6	12
1635	200	142	1403156541000	1365735	7	12
1636	200	157	1403156647000	1122223	7	12
1637	199	134	1403156650000	1025430	5	8
1638	200	128	1403156667000	1399195	11	12
1639	200	146	1403156681000	1013439	11	12
1640	200	162	1403156683000	748943	10	12
1641	199	138	1403156712000	360957	7	8
1642	200	139	1403156718000	1222982	10	12
1643	200	156	1403156752000	1242106	6	12
1644	200	124	1403156781000	921613	9	12
1645	200	143	1403156788000	717851	9	12
1646	200	110	1403156806000	1452148	9	12
1647	199	136	1403156827000	488180	7	8
1648	200	118	1403156879000	1710055	8	12
1649	200	149	1403156901000	616872	11	12
1650	199	137	1403156912000	484258	8	8
1651	200	125	1403157029000	1227156	9	12
1652	200	107	1403157063000	503552	6	12
1653	199	132	1403157091000	812186	5	8
1654	199	141	1403157130000	1021970	7	8
1655	200	154	1403157195000	1299788	5	12
1656	200	133	1403157289000	1343469	4	12
1657	199	116	1403157313000	1224538	7	8
1658	200	114	1403157318000	1905040	8	12
1659	200	112	1403157346000	1121645	11	12
1660	200	147	1403157431000	1258311	8	12
1661	200	145	1403157454000	1561937	10	12
1662	200	131	1403157465000	1514158	5	12
1663	200	130	1403157499000	1210653	7	12
1664	200	135	1403157548000	589961	6	12
1665	200	137	1403157561000	1062579	9	12
1666	200	148	1403157669000	1847894	7	12
1667	200	144	1403157705000	941012	9	12
1668	200	123	1403157716000	1629353	7	12
1669	200	151	1403157777000	1272393	11	12
1670	197	140	1403157801000	71557	5	6
1671	200	159	1403157826000	1634310	6	12
1672	200	141	1403157862000	1481686	9	12
1673	200	119	1403157911000	1361811	9	12
1674	200	116	1403157952000	1035878	4	12
1675	199	149	1403158097000	968386	5	8
1676	199	140	1403158132000	307762	7	8
1677	200	136	1403158149000	510581	11	12
1678	200	166	1403158151000	1678614	10	12
1679	199	159	1403158588000	1092789	8	8
1680	197	172	1403158654000	19603	2	6
1681	200	111	1403158711000	1298960	6	12
1682	200	140	1403158807000	590127	10	12
1683	200	134	1403158811000	1257270	10	12
1684	200	109	1403159219000	2959127	10	12
1685	200	167	1403160172000	232254	0	12
1686	200	158	1403162061000	75549	5	12
1687	200	138	1403162079000	272571	11	12
1688	200	132	1403167174000	1276180	6	12
1689	197	122	1403167234000	1446066	5	6
1690	200	115	1403170496000	1605183	4	12
1691	197	170	1403170557000	394533	3	6
1692	199	170	1403170603000	28709	0	8
1693	200	170	1403170662000	49017	0	12
1694	181	172	1403171925000	116709	6	12
1695	201	127	1403175403000	109033	5	5
1696	201	161	1403175453000	106643	5	5
1697	201	146	1403175466000	130362	5	5
1698	201	145	1403175478000	145327	5	5
1699	201	150	1403175522000	183380	5	5
1700	201	110	1403175544000	194031	4	5
1701	201	155	1403175548000	209075	5	5
1702	201	166	1403175573000	284892	5	5
1703	201	153	1403175574000	187284	5	5
1704	205	161	1403175575000	94149	5	5
1705	201	143	1403175579000	233757	5	5
1706	201	158	1403175588000	250176	5	5
1707	201	149	1403175590000	316108	5	5
1708	201	124	1403175595000	235479	5	5
1709	201	138	1403175596000	126450	4	5
1710	201	109	1403175610000	314537	5	5
1711	201	137	1403175614000	192368	5	5
1712	201	163	1403175623000	230313	5	5
1713	201	135	1403175643000	78378	5	5
1714	201	133	1403175644000	115523	3	5
1715	201	154	1403175665000	179779	4	5
1716	201	112	1403175723000	356930	5	5
1717	201	114	1403175739000	226636	4	5
1718	201	116	1403175740000	470929	5	5
1719	201	118	1403175741000	453975	5	5
1720	206	161	1403175744000	142448	5	5
1721	201	162	1403175748000	215591	5	5
1722	201	141	1403175754000	385283	4	5
1723	205	166	1403175755000	172361	5	5
1724	201	151	1403175765000	363750	4	5
1725	205	138	1403175768000	129843	5	5
1726	205	137	1403175771000	122031	5	5
1727	201	148	1403175779000	290515	5	5
1728	201	147	1403175792000	401232	5	5
1729	201	142	1403175801000	363378	5	5
1730	201	129	1403175829000	257324	5	5
1731	201	108	1403175833000	431115	5	5
1732	201	131	1403175845000	540337	4	5
1733	201	157	1403175852000	414836	5	5
1734	205	109	1403175866000	247845	5	5
1735	201	117	1403175871000	221427	5	5
1736	205	158	1403175878000	280104	4	5
1737	201	132	1403175887000	358706	4	5
1738	201	123	1403175900000	530844	4	5
1739	202	146	1403175904000	406685	4	5
1740	206	138	1403175908000	117214	4	5
1741	200	164	1403175908000	3774831	6	12
1742	201	130	1403175918000	362779	5	5
1743	201	128	1403175921000	513510	4	5
1744	201	119	1403175926000	356813	5	5
1745	205	162	1403175928000	171807	5	5
1746	207	161	1403175936000	168674	6	6
1747	206	137	1403175947000	100837	5	5
1748	206	166	1403175960000	197732	5	5
1749	205	163	1403175963000	194771	5	5
1750	205	151	1403175999000	190581	5	5
1751	201	125	1403176003000	259760	5	5
1752	202	155	1403176010000	452222	3	5
1753	201	139	1403176022000	391301	4	5
1754	202	145	1403176027000	463020	4	5
1755	202	110	1403176048000	460107	2	5
1756	206	109	1403176050000	174890	4	5
1757	201	120	1403176050000	152064	5	5
1758	201	121	1403176053000	298677	5	5
1759	202	124	1403176055000	454626	4	5
1760	202	126	1403176068000	355209	2	5
1761	203	142	1403176103000	264734	5	5
1762	208	161	1403176124000	169183	5	5
1763	205	157	1403176132000	261243	5	5
1764	202	127	1403176139000	701471	3	5
1765	206	162	1403176151000	202158	4	5
1766	202	150	1403176153000	617822	3	5
1767	202	149	1403176177000	641567	2	5
1768	201	160	1403176178000	580845	4	5
1769	201	111	1403176180000	610698	3	5
1770	202	153	1403176202000	607521	5	5
1771	205	121	1403176224000	141172	5	5
1772	206	151	1403176234000	228892	5	5
1773	207	166	1403176240000	274828	6	6
1774	205	110	1403176249000	139225	5	5
1775	201	159	1403176252000	382033	4	5
1776	200	152	1403176253000	969979	9	12
1777	208	133	1403176254000	191496	4	5
1778	202	129	1403176259000	420247	3	5
1779	207	138	1403176286000	161710	6	6
1780	202	114	1403176313000	540898	5	5
1781	203	141	1403176318000	362696	5	5
1782	201	164	1403176336000	386735	4	5
1783	203	155	1403176336000	274662	5	5
1784	205	139	1403176337000	202114	5	5
1785	202	154	1403176351000	662485	2	5
1786	207	137	1403176363000	318161	6	6
1787	201	122	1403176379000	641180	5	5
1788	206	163	1403176382000	224786	4	5
1789	201	126	1403176396000	207451	5	5
1790	202	116	1403176407000	873404	2	5
1791	206	158	1403176408000	451822	4	5
1792	203	145	1403176417000	357933	4	5
1793	206	121	1403176424000	237249	4	5
1794	203	124	1403176425000	349545	5	5
1795	206	157	1403176430000	290026	5	5
1796	207	151	1403176435000	193925	6	6
1797	203	127	1403176458000	299335	5	5
1798	203	156	1403176466000	546658	4	5
1799	202	160	1403176504000	292393	2	5
1800	203	146	1403176522000	326118	5	5
1801	206	110	1403176546000	257380	4	5
1802	202	148	1403176548000	758024	4	5
1803	202	147	1403176551000	725644	2	5
1804	205	111	1403176554000	240820	5	5
1805	201	152	1403176578000	93167	5	5
1806	202	118	1403176600000	1026063	4	5
1807	204	155	1403176610000	218480	3	5
1808	207	109	1403176621000	509157	6	6
1809	204	142	1403176623000	435344	4	5
1810	207	162	1403176625000	324319	5	6
1811	205	126	1403176630000	222905	5	5
1812	202	119	1403176636000	659278	3	5
1813	202	120	1403176649000	592949	4	5
1814	203	112	1403176666000	202364	5	5
1815	203	143	1403176672000	201155	5	5
1816	202	131	1403176674000	653476	5	5
1817	202	112	1403176687000	617788	4	5
1818	204	127	1403176695000	219850	3	5
1819	202	128	1403176718000	781040	5	5
1820	203	149	1403176719000	564433	5	5
1821	207	121	1403176721000	257753	3	6
1822	208	151	1403176723000	280580	5	5
1823	203	153	1403176734000	354645	5	5
1824	205	155	1403176737000	87834	5	5
1825	202	130	1403176737000	809891	3	5
1826	208	166	1403176739000	485111	5	5
1827	206	139	1403176745000	237663	4	5
1828	208	137	1403176752000	193014	4	5
1829	202	108	1403176753000	906261	5	5
1830	202	125	1403176760000	740200	4	5
1831	207	158	1403176774000	323625	5	6
1832	202	161	1403176787000	625989	3	5
1833	205	120	1403176789000	128994	5	5
1834	207	157	1403176800000	362070	6	6
1835	208	109	1403176803000	171169	4	5
1836	204	141	1403176809000	293752	4	5
1837	205	127	1403176824000	84751	5	5
1838	202	123	1403176825000	1165267	4	5
1839	205	152	1403176832000	222161	5	5
1840	205	142	1403176855000	150474	5	5
1841	207	110	1403176862000	250171	2	6
1842	202	132	1403176867000	922966	1	5
1843	203	116	1403176868000	490362	5	5
1844	203	129	1403176890000	518321	4	5
1845	208	138	1403176895000	43828	5	5
1846	205	159	1403176902000	312765	5	5
1847	202	117	1403176904000	119282	1	5
1848	208	162	1403176931000	263182	4	5
1849	207	163	1403176932000	317145	5	6
1850	206	127	1403176939000	110364	4	5
1851	203	160	1403176964000	260676	5	5
1852	206	155	1403176971000	224578	4	5
1853	206	122	1403176997000	128771	4	5
1854	206	120	1403177002000	172749	4	5
1855	206	142	1403177015000	153521	4	5
1856	204	145	1403177032000	381713	4	5
1857	206	111	1403177033000	463486	3	5
1858	204	146	1403177050000	219559	4	5
1859	206	126	1403177057000	207806	4	5
1860	205	141	1403177064000	281577	4	5
1861	208	158	1403177076000	266922	4	5
1862	208	121	1403177077000	303401	2	5
1863	207	133	1403177085000	450747	6	6
1864	203	135	1403177090000	76685	5	5
1865	203	148	1403177093000	655277	5	5
1866	206	152	1403177125000	190713	5	5
1867	207	127	1403177127000	145914	6	6
1868	204	153	1403177139000	388592	4	5
1869	207	139	1403177144000	215008	5	6
1870	203	118	1403177148000	598396	4	5
1871	205	146	1403177168000	66508	5	5
1872	208	110	1403177196000	135570	4	5
1873	205	145	1403177200000	128368	5	5
1874	203	125	1403177206000	424200	5	5
1875	203	154	1403177209000	835854	3	5
1876	202	151	1403177211000	415629	2	5
1877	204	129	1403177215000	300037	4	5
1878	207	155	1403177221000	152451	5	6
1879	206	159	1403177240000	310951	4	5
1880	203	161	1403177245000	384541	5	5
1881	203	117	1403177262000	93652	5	5
1882	207	120	1403177270000	255301	5	6
1883	203	114	1403177278000	908215	4	5
1884	208	163	1403177297000	229381	4	5
1885	203	128	1403177308000	816130	4	5
1886	204	116	1403177308000	361660	3	5
1887	202	164	1403177313000	932889	4	5
1888	206	145	1403177342000	131096	3	5
1889	204	112	1403177353000	212567	4	5
1890	203	132	1403177356000	295229	5	5
1891	207	142	1403177375000	314263	5	6
1892	206	146	1403177376000	164049	4	5
1893	205	153	1403177384000	131897	5	5
1894	204	124	1403177391000	955941	4	5
1895	203	150	1403177395000	1065761	3	5
1896	208	155	1403177398000	125490	5	5
1897	204	160	1403177399000	418796	4	5
1898	206	141	1403177402000	122781	3	5
1899	203	123	1403177417000	559462	4	5
1900	204	143	1403177418000	194046	3	5
1901	204	117	1403177446000	94169	4	5
1902	206	133	1403177454000	92463	3	5
1903	207	126	1403177463000	238231	6	6
1904	205	129	1403177468000	182791	5	5
1905	202	166	1403177476000	726596	4	5
1906	203	131	1403177490000	720656	4	5
1907	203	130	1403177499000	524715	4	5
1908	203	147	1403177501000	796744	4	5
1909	202	143	1403177510000	282585	3	5
1910	203	138	1403177516000	108193	5	5
1911	207	152	1403177520000	284635	6	6
1912	208	157	1403177525000	715818	4	5
1913	205	116	1403177526000	174196	5	5
1914	205	112	1403177529000	149833	5	5
1915	208	120	1403177535000	180056	5	5
1916	204	118	1403177539000	326838	4	5
1917	203	137	1403177552000	13303	5	5
1918	206	153	1403177559000	165337	4	5
1919	205	124	1403177604000	158807	5	5
1920	203	108	1403177642000	675688	4	5
1921	205	143	1403177658000	92652	5	5
1922	208	142	1403177666000	231840	4	5
1923	206	129	1403177667000	189430	4	5
1924	208	127	1403177671000	539413	4	5
1925	205	117	1403177676000	69297	4	5
1926	202	121	1403177688000	507517	2	5
1927	206	116	1403177697000	163690	4	5
1928	207	145	1403177699000	153678	6	6
1929	207	146	1403177699000	151382	6	6
1930	202	109	1403177700000	784554	4	5
1931	204	148	1403177710000	607397	3	5
1932	207	159	1403177741000	473134	2	6
1933	206	112	1403177745000	205967	4	5
1934	205	118	1403177745000	191906	5	5
1935	207	153	1403177753000	172816	6	6
1936	203	151	1403177758000	410981	4	5
1937	205	160	1403177767000	337738	4	5
1938	208	139	1403177771000	244312	4	5
1939	206	124	1403177778000	159869	4	5
1940	204	125	1403177792000	577462	5	5
1941	203	158	1403177802000	430886	4	5
1942	203	164	1403177846000	518331	3	5
1943	204	154	1403177852000	544809	4	5
1944	206	143	1403177858000	105709	4	5
1945	208	146	1403177894000	144383	5	5
1946	204	120	1403177898000	323003	4	5
1947	208	145	1403177901000	188900	5	5
1948	204	161	1403177922000	660086	4	5
1949	206	117	1403177929000	32772	4	5
1950	207	111	1403177946000	338422	6	6
1951	207	141	1403177950000	501112	6	6
1952	204	135	1403177950000	139554	5	5
1953	206	118	1403177951000	198202	5	5
1954	203	166	1403177954000	410826	5	5
1955	204	128	1403177979000	636548	4	5
1956	208	153	1403177988000	222386	5	5
1957	204	156	1403177990000	213912	3	5
1958	205	125	1403178009000	164504	5	5
1959	205	148	1403178020000	207401	5	5
1960	207	129	1403178035000	287035	6	6
1961	207	112	1403178052000	265390	6	6
1962	207	143	1403178065000	158306	4	6
1963	205	154	1403178078000	189292	5	5
1964	204	147	1403178090000	488038	4	5
1965	206	160	1403178092000	279691	4	5
1966	205	135	1403178100000	136747	5	5
1967	207	124	1403178115000	286521	6	6
1968	208	122	1403178127000	381438	4	5
1969	204	130	1403178133000	613145	3	5
1970	208	159	1403178156000	363616	2	5
1971	207	116	1403178159000	254313	6	6
1972	203	109	1403178161000	406050	5	5
1973	204	108	1403178191000	400391	4	5
1974	202	162	1403178205000	1193330	2	5
1975	206	125	1403178207000	188360	5	5
1976	202	142	1403178207000	536609	2	5
1977	203	119	1403178235000	1453444	5	5
1978	208	126	1403178252000	227918	5	5
1979	204	149	1403178263000	528884	3	5
1980	208	143	1403178273000	156523	4	5
1981	208	129	1403178277000	228394	4	5
1982	205	128	1403178290000	287333	5	5
1983	206	154	1403178302000	216685	4	5
1984	207	118	1403178304000	401622	5	6
1985	205	147	1403178304000	198566	5	5
1986	208	152	1403178311000	267694	5	5
1987	205	130	1403178324000	178460	5	5
1988	206	148	1403178326000	295960	4	5
1989	208	124	1403178342000	229230	4	5
1990	208	116	1403178348000	180320	4	5
1991	208	112	1403178353000	295566	5	5
1992	203	110	1403178363000	261533	4	5
1993	204	114	1403178383000	1228175	5	5
1994	203	120	1403178409000	369471	5	5
1995	205	149	1403178420000	134522	5	5
1996	206	135	1403178456000	90126	5	5
1997	207	125	1403178457000	238909	5	6
1998	202	139	1403178468000	257087	5	5
1999	204	123	1403178475000	1060779	4	5
2000	206	128	1403178503000	205689	4	5
2001	208	111	1403178513000	491192	3	5
2002	204	150	1403178518000	943982	4	5
2003	206	147	1403178523000	138451	4	5
2004	204	131	1403178523000	924563	5	5
2005	204	164	1403178570000	695301	5	5
2006	206	130	1403178578000	201416	5	5
2007	207	160	1403178591000	310948	2	6
2008	203	121	1403178609000	969400	5	5
2009	204	166	1403178625000	625074	5	5
2010	204	158	1403178648000	374642	4	5
2011	205	108	1403178654000	401366	5	5
2012	202	163	1403178672000	515089	3	5
2013	204	138	1403178691000	96529	5	5
2014	206	149	1403178692000	116395	3	5
2015	204	109	1403178725000	557496	5	5
2016	205	114	1403178741000	347508	4	5
2017	204	110	1403178743000	243003	4	5
2018	207	154	1403178762000	371360	6	6
2019	203	152	1403178794000	393625	5	5
2020	205	131	1403178818000	270402	5	5
2021	208	117	1403178834000	291894	5	5
2022	203	126	1403178838000	198275	4	5
2023	207	135	1403178850000	167645	6	6
2024	207	128	1403178869000	359060	5	6
2025	208	118	1403178882000	681178	3	5
2026	205	123	1403178888000	303206	4	5
2027	207	130	1403178902000	318520	5	6
2028	207	148	1403178912000	525400	5	6
2029	205	150	1403178929000	197275	5	5
2030	204	137	1403178953000	356672	5	5
2031	208	147	1403178985000	327241	3	5
2032	204	132	1403179006000	597733	5	5
2033	206	114	1403179011000	291398	3	5
2034	204	157	1403179023000	523062	3	5
2035	205	133	1403179093000	290105	5	5
2036	206	123	1403179101000	191370	4	5
2037	207	149	1403179107000	290621	4	6
2038	202	138	1403179138000	205760	5	5
2039	206	150	1403179169000	226011	1	5
2040	208	154	1403179176000	405530	5	5
2041	203	159	1403179214000	757179	3	5
2042	208	128	1403179255000	373716	3	5
2043	202	137	1403179256000	47078	4	5
2044	202	133	1403179264000	69992	5	5
2045	203	162	1403179277000	635360	4	5
2046	204	151	1403179430000	915208	4	5
2047	202	156	1403179469000	420323	4	5
2048	203	157	1403179562000	515151	5	5
2049	208	125	1403179579000	732989	4	5
2050	202	158	1403180025000	435677	4	5
2051	201	156	1403180262000	83511	4	5
2052	202	157	1403180617000	961265	5	5
2053	204	119	1403180752000	729604	5	5
2054	203	139	1403180845000	116079	3	5
2055	207	114	1403180910000	1825506	6	6
2056	205	156	1403180931000	134075	4	5
2057	208	141	1403180936000	709931	3	5
2058	208	148	1403180945000	437054	4	5
2059	207	150	1403180982000	289701	3	6
2060	206	108	1403181010000	244245	3	5
2061	207	147	1403181027000	390689	5	6
2062	208	130	1403181091000	250316	3	5
2063	207	123	1403181108000	835922	2	6
2064	208	135	1403181115000	100232	5	5
2065	208	150	1403181154000	129974	5	5
2066	206	156	1403181168000	182283	4	5
2067	205	119	1403181186000	409083	5	5
2068	208	114	1403181232000	306706	4	5
2069	205	132	1403181249000	215371	5	5
2070	206	131	1403181339000	332721	4	5
2071	204	126	1403181440000	504392	3	5
2072	208	149	1403181451000	175083	3	5
2073	203	163	1403181462000	366444	5	5
2074	202	135	1403181520000	198049	5	5
2075	206	119	1403181547000	253119	3	5
2076	207	156	1403181548000	298510	6	6
2077	204	133	1403181549000	154586	5	5
2078	204	139	1403181565000	142549	5	5
2079	204	121	1403181683000	927838	5	5
2080	207	117	1403181700000	132356	6	6
2081	202	141	1403181741000	648884	4	5
2082	204	162	1403181772000	1110176	4	5
2083	203	133	1403181772000	148567	5	5
2084	206	132	1403181844000	202412	4	5
2085	208	156	1403181931000	197483	5	5
2086	208	160	1403181946000	134362	3	5
2087	208	123	1403181973000	656642	2	5
2088	207	108	1403182085000	806358	5	6
2089	207	131	1403182092000	38215	4	6
2090	204	159	1403182186000	177505	3	5
2091	207	119	1403182200000	404904	4	6
2092	204	152	1403182250000	168519	4	5
2093	201	115	1403182356000	595797	4	5
2094	208	108	1403182385000	197947	2	5
2095	204	163	1403182574000	247509	4	5
2096	208	131	1403182635000	465707	2	5
2097	207	132	1403183524000	299155	6	6
2098	205	164	1403183609000	554232	5	5
2099	202	115	1403183871000	1144261	3	5
2100	206	164	1403183912000	294850	4	5
2101	208	119	1403183948000	797479	5	5
2102	207	164	1403184202000	280346	5	6
2103	202	152	1403184426000	717223	1	5
2104	208	164	1403184670000	446955	3	5
2105	201	140	1403184732000	166125	5	5
2106	203	115	1403185144000	670548	4	5
2107	199	167	1403196013000	408437	2	8
2108	208	132	1403218578000	109343	5	5
2109	202	140	1403218815000	239613	5	5
2110	203	140	1403219368000	68411	5	5
2111	204	140	1403219988000	245430	5	5
2112	205	140	1403220120000	113422	5	5
2113	201	136	1403220177000	373835	3	5
2114	206	140	1403220637000	106815	4	5
2115	201	113	1403221105000	178400	4	5
2116	202	136	1403221114000	215649	4	5
2117	202	111	1403221245000	421399	3	5
2118	201	134	1403221247000	203939	5	5
2119	207	140	1403221674000	318539	5	6
2120	203	136	1403221708000	579135	5	5
2121	201	107	1403221709000	195664	5	5
2122	201	144	1403221717000	192424	4	5
2123	182	148	1403221828000	843476	7	10
2124	205	107	1403221938000	208588	5	5
2125	208	140	1403221941000	221053	5	5
2126	202	113	1403221975000	776487	4	5
2127	203	111	1403222094000	615176	3	5
2128	202	144	1403222210000	400051	2	5
2129	204	136	1403222214000	489060	5	5
2130	207	122	1403222253000	374359	6	6
2131	206	107	1403222272000	251929	3	5
2132	203	113	1403222323000	307312	4	5
2133	202	134	1403222502000	1128639	2	5
2134	203	144	1403222584000	315719	5	5
2135	207	107	1403222585000	207616	2	6
2136	205	122	1403222617000	298057	5	5
2137	184	148	1403222707000	844811	2	8
2138	205	136	1403222723000	324881	5	5
2139	204	111	1403222961000	727277	4	5
2140	204	144	1403222966000	283916	3	5
2141	204	113	1403222966000	617749	4	5
2142	206	136	1403223004000	118258	2	5
2143	208	107	1403223044000	326218	2	5
2144	205	113	1403223100000	121628	5	5
2145	205	144	1403223169000	118719	4	5
2146	207	136	1403223303000	148172	6	6
2147	203	134	1403223313000	422847	5	5
2148	206	113	1403223318000	126784	3	5
2149	206	144	1403223656000	100631	3	5
2150	207	113	1403223662000	241102	5	6
2151	207	144	1403223978000	218059	4	6
2152	208	144	1403224089000	94918	5	5
2153	208	136	1403224128000	216990	5	5
2154	202	172	1403229998000	20850	1	5
2155	204	115	1403230871000	1182187	5	5
2156	205	115	1403231303000	390427	5	5
2157	205	172	1403233374000	6699	0	5
2158	190	172	1403233461000	11504	1	7
