	正切型函数的对称性	φ对图象的影响	B对图象的影响	ω对图象的影响	A对图象的影响	y=Asin（ωx+φ）中各量的物理意义	由图象求函数的解析式	三角函数模型的简单应用	任意角的概念与弧度制	任意角的三角函数	
杜宗浩组 第1组
杜宗浩						6,7,		8,			
郑天星						6,7,		8,			
朱思帆					6,	6,7,	6,	8,			
关木淞						6,7,		8,			
周懿之						6,7,		8,			
杨扬						6,7,		8,		10,	

杜宗浩组 第2组
刘振						6,7,		8,			
赵冉						6,7,	6,	8,			
张家琳						6,7,		8,			
张雪菲				6,		6,7,		2,8,		10,	
苏张洁						6,7,	6,7,	4,5,6,7,8,	10,	5,	
郑岚文											

张健组 第1组
张健						6,7,		8,			
郝敬轩											
路国浩											
毕天帮						4,6,7,	6,7,	4,7,8,	4,	3,4,7,10,	
马晨晨						6,7,		8,			
李江铃		4,				6,7,	1,	2,3,4,5,6,7,8,	7,		

张健组 第2组
王占星						6,7,		8,			
刘光裕						6,7,					
靳璐芳						6,7,		8,			
李治花						6,7,		2,3,7,8,			
刘芮江						6,7,		8,			
于浩东						6,7,		8,			

王佩组 第1组
王佩						6,7,		8,			
宋少杰											
郭晓琳						6,7,		8,			
申旭阳						6,7,		8,			
陈诗雨						6,7,		8,			
郭俊杰											

王佩组 第2组
吴姝雯						6,7,		2,8,			
陈昊						6,7,		8,			
陈瑞霞						6,7,		8,			
马青青						6,7,		8,			
李梁						6,7,			3,5,6,7,8,9,10,		
岳振宇											
黄良杰						6,7,					

张政组 第1组
张政						6,7,		8,			
程林											
杨剑						6,7,		8,			
韩孟豪						6,7,	6,	8,			
张近金						6,7,		8,			
乔聪						6,7,	6,7,	2,3,4,6,8,	3,4,5,6,9,10,	3,4,8,	

张政组 第2组
司鹏宇						6,7,	6,	8,	7,		
秦旋						6,7,		8,			
王化云						6,7,		8,			
杜肖涛						6,7,		8,			
田婉澄						6,7,		8,			
金睿						1,6,7,		8,			

侯家辉组 第1组
侯家辉						1,6,7,		8,	7,		
王海旭											
吕致研											
薛金金						6,7,		8,			
张仕林						6,7,		8,			
杜金秋						6,7,					

侯家辉组 第2组
张晓宇						6,7,		8,			
雷俊杰						6,7,	6,	8,			
李梦鑫								8,			
李克											
宋慧杰						6,7,		6,8,			

