	平面向量的基本概念	平面向量的线性运算	平面向量的基本定理及坐标表示	平面向量的数量积	
杜宗浩组 第1组
杜宗浩	620.00	1778.00	3811.00	2291.50	
郑天星	559.00	2097.00	0.00	0.00	
朱思帆	396.50	1354.00	1776.50	2181.50	
关木淞	452.50	2658.50	1028.00	1819.50	
周懿之	326.00	757.50	839.00	713.50	
杨扬	473.50	1495.00	1538.00	2038.00	
本组平均时间	403.93	1448.57	1284.64	1292.00	
杜宗浩组 第2组
刘振	665.00	0.00	0.00	0.00	
赵冉	478.00	2569.50	3616.50	706.00	
张家琳	411.50	2207.50	1960.00	644.50	
张雪菲	479.50	2852.00	3725.50	3023.00	
苏张洁	674.50	2431.50	1840.00	615.00	
郑岚文	408.50	2126.00	781.00	70.00	
本组平均时间	445.29	1740.93	1703.29	722.64	
张健组 第1组
张健	288.00	1412.50	3439.00	2207.50	
郝敬轩	529.50	1794.00	2283.00	319.00	
路国浩	218.50	2938.50	2848.50	1542.50	
毕天帮	295.00	2706.50	2282.00	1505.50	
马晨晨	652.00	2327.00	2853.00	5015.50	
李江铃	404.81	0.00	1447.36	0.00	
本组平均时间	341.12	1596.93	2164.69	1512.86	
张健组 第2组
王占星	355.50	976.00	2132.00	1927.50	
刘光裕	268.50	1360.00	314.50	2133.00	
靳璐芳	259.50	1625.00	5610.00	4458.00	
李治花	460.00	2316.00	1137.00	857.50	
刘芮江	453.50	2694.50	2592.50	2484.00	
于浩东	325.50	1509.50	316.00	1016.50	
本组平均时间	303.21	1497.29	1728.86	1839.50	
王佩组 第1组
王佩	273.50	2871.50	2170.00	1531.00	
宋少杰	451.00	1522.00	2394.00	1768.50	
郭晓琳	253.50	1431.00	1230.50	1309.50	
申旭阳	488.50	0.00	0.00	0.00	
陈诗雨	254.50	1574.50	1077.50	1284.00	
郭俊杰	0.00	0.00	0.00	0.00	
本组平均时间	245.86	1057.00	981.71	841.86	
王佩组 第2组
吴姝雯	793.50	5684.00	1480.00	696.50	
陈昊	289.00	1574.50	1626.50	1253.00	
陈瑞霞	417.00	3447.50	3068.00	0.00	
马青青	669.00	2068.00	2754.00	1266.00	
李梁	0.00	0.00	0.00	0.00	
岳振宇	862.00	0.00	0.00	0.00	
黄良杰	333.50	0.00	0.00	0.00	
本组平均时间	420.50	1596.75	1116.06	401.94	
张政组 第1组
张政	346.00	1729.00	1167.50	2548.50	
程林	511.00	1966.00	2778.00	217.50	
杨剑	315.50	997.00	1345.00	1423.00	
韩孟豪	335.50	1641.00	1741.00	1658.00	
张近金	336.00	1991.50	0.00	1317.50	
乔聪	253.50	1011.00	528.00	541.50	
本组平均时间	299.64	1333.64	1079.93	1100.86	
张政组 第2组
司鹏宇	0.00	0.00	0.00	0.00	
秦旋	419.50	1905.50	1340.50	379.00	
王化云	431.50	2474.50	2488.50	0.00	
杜肖涛	422.50	1395.00	2281.00	1638.00	
田婉澄	443.50	3540.50	1766.00	2047.50	
金睿	404.00	4132.00	4780.50	2880.00	
本组平均时间	303.00	1921.07	1808.07	992.07	
侯家辉组 第1组
侯家辉	338.00	1501.50	1224.00	1706.50	
王海旭	279.00	1556.00	1925.00	2140.00	
吕致研	258.50	1639.00	1884.00	901.50	
薛金金	260.50	774.00	978.50	2315.50	
张仕林	446.00	1981.50	3231.00	0.00	
杜金秋	626.00	1088.00	886.00	1566.50	
本组平均时间	315.43	1220.00	1446.93	1232.86	
侯家辉组 第2组
张晓宇	305.00	1209.00	1466.00	1546.50	
雷俊杰	356.50	3157.00	1459.00	932.00	
李梦鑫	902.50	1376.50	5109.00	1934.50	
李克	280.50	0.00	0.00	0.00	
宋慧杰	486.00	1183.50	1315.50	2155.50	
本组平均时间	388.42	1154.33	1558.25	1094.75	

总的平均时间	365.80	1556.29	1574.22	1157.66	
